                        2.5 %   Estimate     97.5 %
(Intercept)       16.64928899 32.6155618 63.8931111
SEXFemale          1.00049214  1.1970146  1.4321390
RACEgroupHispanic  0.58742997  0.7480678  0.9526335
RACEgroupBlack     0.77558436  1.0036320  1.2987333
RACEgroupOther     0.07100318  0.1793532  0.4530441
RACEgroupAsian_PI  0.59055095  0.8809470  1.3141415
RACEgroupUTD       0.68364843  1.0734989  1.6856615
AGEi               1.00205596  1.0075636  1.0131015
death1             1.22474289  1.6043114  2.1015145
PATMANICUYes       0.21081796  0.2578551  0.3153871
